316 1
312 1
310 1
246 1
173 1
116 1
86 1
57 1
270 1
209 1
118 1
241 1
236 1
137 1
55 1
355 1
333 1
8 1
263 1
138 1
99 1
361 1
193 1
185 1
168 1
104 1
142 1
162 1
187 1
69 1
314 1
251 2
238 2
46 2
140 2
115 2
95 2
56 2
327 2
159 2
362 2
119 2
285 2
176 2
13 2
284 2
315 2
379 2
194 2
322 2
197 2
136 2
22 2
313 2
190 2
44 2
188 2
239 3
344 3
318 3
348 3
341 3
232 3
165 3
353 3
127 3
58 3
33 3
229 3
105 3
354 3
183 3
380 3
113 3
40 3
107 4
290 4
218 4
132 4
230 4
54 4
205 4
350 4
174 4
161 4
254 4
328 4
68 4
269 4
381 4
357 4
309 4
373 5
37 5
220 5
325 5
224 5
78 5
146 5
300 5
281 5
117 5
61 5
169 5
180 5
2 5
275 5
83 5
277 5
217 5
368 6
369 6
377 6
378 6
366 6
365 6
364 6
367 6
376 6
195 6
383 6
179 7
102 7
17 7
347 7
53 7
144 7
308 7
235 7
172 7
133 7
225 7
382 7
34 8
19 8
299 8
201 8
189 8
163 8
80 8
64 8
211 8
141 8
112 8
196 9
42 9
38 9
171 9
352 9
216 9
11 9
286 9
135 9
100 9
203 9
114 9
266 9
257 9
156 9
85 9
375 10
306 10
358 10
243 10
192 10
148 10
363 10
155 10
253 10
283 10
9 10
63 10
39 10
31 10
319 11
297 11
154 11
139 11
47 11
276 11
52 11
14 11
282 11
249 11
186 11
339 12
130 12
49 12
3 12
320 12
41 12
274 12
167 12
158 12
111 12
259 12
250 13
74 13
234 13
124 13
329 13
261 13
152 13
96 13
66 13
326 13
351 13
385 13
221 13
360 13
91 13
305 13
6 13
384 13
280 13
106 14
219 14
149 14
346 14
214 14
50 14
160 14
157 14
48 14
317 14
97 15
121 15
256 15
184 15
359 15
245 15
75 15
227 15
166 15
108 15
231 15
291 15
27 16
296 16
267 16
76 16
331 16
302 16
264 16
175 16
289 16
134 16
294 17
147 17
45 17
208 17
262 17
244 17
343 17
81 17
252 18
122 18
70 18
92 18
345 18
16 18
170 18
150 18
287 18
342 18
248 19
279 19
84 19
273 19
226 19
292 19
32 19
98 19
131 19
20 19
110 19
129 20
77 20
228 20
288 20
268 20
181 20
182 20
60 20
93 20
87 21
79 21
191 21
35 21
177 21
265 21
210 21
73 21
28 22
233 22
82 22
258 22
109 22
164 22
307 22
103 22
370 23
128 23
298 23
202 23
24 23
1 23
143 23
335 23
272 23
200 23
295 24
90 24
23 24
207 24
59 24
4 24
324 24
213 24
67 24
21 25
125 25
334 25
178 25
51 25
10 25
349 26
311 26
101 26
36 26
206 26
278 26
255 27
242 27
337 27
7 27
151 27
199 27
62 27
12 28
247 28
330 28
126 28
356 28
222 28
145 28
43 28
65 28
301 29
94 29
237 29
321 29
89 29
212 30
72 30
340 30
25 30
123 30
5 30
71 31
29 31
260 31
338 31
198 31
30 32
15 32
271 32
26 32
240 32
223 33
215 33
204 33
336 34
371 34
18 35
323 35
120 35
374 36
372 36
293 37
153 37
88 37
332 38
304 38
303 39
