40 1
121 1
357 1
52 1
276 1
358 1
114 1
159 1
138 1
304 1
381 1
166 1
9 1
48 1
104 1
116 1
140 1
212 1
193 1
315 1
328 1
13 1
142 1
355 1
236 1
105 1
241 1
285 1
185 1
359 1
72 2
98 2
144 2
338 2
262 2
133 2
361 2
6 2
135 2
235 2
354 2
176 2
28 2
136 2
313 2
22 2
382 2
137 2
115 2
188 2
156 2
194 2
284 2
316 2
151 3
298 3
350 3
160 3
320 3
302 3
187 3
180 3
44 3
108 3
106 3
383 3
4 3
128 3
230 3
353 3
314 3
327 3
278 4
149 4
297 4
210 4
181 4
55 4
317 4
214 4
200 4
362 4
360 4
132 4
2 4
261 4
177 4
272 4
100 4
123 5
351 5
51 5
19 5
277 5
14 5
186 5
281 5
118 5
36 5
162 5
86 5
168 5
309 5
99 5
378 6
197 6
347 6
377 6
209 6
134 6
24 6
12 6
380 6
229 6
270 6
117 6
65 7
330 7
259 7
18 7
109 7
54 7
8 7
131 7
195 7
170 7
62 7
379 7
191 8
97 8
129 8
198 8
340 8
78 8
37 8
199 8
141 8
119 8
215 9
371 9
101 9
85 9
311 9
173 9
113 9
204 9
3 9
232 9
139 9
367 10
126 10
146 10
280 10
247 10
356 10
87 10
34 10
165 10
57 10
222 10
363 11
334 11
243 11
15 11
240 11
344 11
148 11
39 11
265 11
233 12
111 12
124 12
384 12
91 12
66 12
329 12
227 12
305 12
152 12
274 12
74 12
30 13
341 13
80 13
291 13
318 13
92 13
58 13
221 13
45 14
282 14
349 14
150 14
184 14
226 14
172 14
76 14
260 14
296 14
157 14
228 15
268 15
365 15
94 15
75 15
245 15
303 15
10 15
112 15
348 15
375 16
31 16
183 16
253 16
17 16
238 16
301 16
21 16
192 16
33 16
283 16
63 16
155 16
90 17
251 17
269 17
325 17
41 17
174 17
300 17
217 17
220 17
271 17
207 18
273 18
219 18
312 18
323 18
153 18
161 18
5 18
107 18
213 18
110 18
308 19
267 19
289 19
95 19
56 19
332 19
130 19
88 19
67 19
322 19
60 20
346 20
164 20
46 20
248 20
264 20
89 20
53 20
288 20
343 20
345 21
178 21
73 21
223 21
324 21
26 21
182 21
79 21
206 21
125 22
189 22
27 22
38 22
11 22
337 22
158 22
167 22
120 23
179 23
244 23
7 23
263 23
331 23
294 23
81 23
35 23
143 24
202 24
196 24
249 24
321 24
83 24
1 24
175 24
306 25
42 25
122 25
293 25
342 25
71 25
257 25
102 25
171 25
307 26
368 26
208 26
93 26
68 26
290 26
292 26
374 27
225 27
147 27
203 27
20 27
84 27
216 27
234 28
336 28
103 28
258 28
82 28
333 28
369 29
50 29
69 29
319 29
237 29
335 30
255 30
275 30
32 30
224 30
61 30
163 30
246 31
77 31
310 31
49 31
287 31
295 31
326 31
59 31
96 31
352 32
16 32
266 32
256 32
25 32
286 32
70 33
190 33
47 33
154 33
23 33
239 34
370 34
127 34
254 34
231 35
205 35
201 35
242 35
211 35
64 35
372 36
373 36
339 36
376 37
29 37
279 37
169 37
145 38
218 38
43 38
299 39
366 39
250 40
385 40
364 40
252 41
